

Bit => 0 | 1 
Byte => 8 bits 
Kilobyte => 
MegaByte => 
GigaByte => 
TeraByte => 

===================================================

Binary , Octal , Hexadecimal , Decimal 

0 0 0 0 0 0 0 0  > 0

1     1  0    0  1  0   1  0  =>

128  64  32  16  8  4   2   1 => 2 + 8 + 64 + 128 => 

2     2   2   2  2  2  2  2 => 

1     1   1    1   1     1    1  1 => 256 from  [ 0 - 255 ]


=======================================================

128  64  32  16  8  4   2   1

256 512 1024 2048  4096 8192  16384 32768 65536 => 0 , 65535

======================================================

1    0    0   1    1     0      0    0      1

128          16    8                        1